
255 
URNT15 KNHC 020423
AF304 3005A DORIAN             HDOB 51 20190902
041400 2752N 07714W 6967 03149 0059 +086 +033 116050 051 039 004 00
041430 2752N 07716W 6963 03152 0051 +090 +036 115050 051 039 004 00
041500 2752N 07719W 6970 03145 0052 +090 +040 114052 053 037 006 00
041530 2752N 07721W 6966 03150 0056 +086 +043 115054 054 038 006 00
041600 2752N 07724W 6963 03150 0053 +089 +041 114054 054 038 006 00
041630 2752N 07727W 6969 03142 0048 +090 +036 113054 054 038 007 00
041700 2752N 07729W 6965 03146 0047 +090 +035 112054 054 041 005 00
041730 2752N 07732W 6965 03145 0045 +090 +038 110054 054 040 007 00
041800 2751N 07735W 6966 03142 0044 +090 +038 108054 054 042 006 00
041830 2751N 07737W 6963 03144 0042 +091 +037 108054 054 042 006 00
041900 2751N 07740W 6966 03140 0039 +093 +036 104054 054 041 006 00
041930 2751N 07743W 6965 03141 0039 +091 +037 102054 055 040 008 00
042000 2751N 07746W 6964 03141 0034 +096 +035 099053 054 043 009 00
042030 2751N 07748W 6965 03138 0045 +087 +053 099052 054 043 009 00
042100 2751N 07751W 6967 03136 0032 +095 +042 099053 054 041 008 00
042130 2750N 07754W 6959 03147 0036 +092 +039 096053 054 041 006 00
042200 2750N 07756W 6967 03136 0039 +091 +043 092051 053 041 006 00
042230 2750N 07759W 6966 03139 0041 +089 +044 090053 053 042 005 00
042300 2750N 07802W 6963 03142 0044 +089 +039 087053 054 041 005 03
042330 2749N 07804W 6974 03129 0042 +089 +042 084052 054 /// /// 03
$$
;

