75601.8315834, 75602.0230451, 0.191461666996, 7.97093490361, 10816.7205263, 35.5788537642, -101.456973877, 973475481.706
75606.0977322, 75606.1814476, 0.0837154219917, 2.64198774468, 9185.388, 35.55317734, -101.385679853, 605611012.436
75608.4786396, 75608.5537878, 0.0751482009946, 9.68234457322, 7791.8075, 35.6039978637, -101.413407213, 2376608318.63
75611.7072393, 75611.8413505, 0.134111194013, 0.79566628126, 7126.68, 35.57725634, -101.383890748, 252304370.317
75613.6996732, 75613.915632, 0.215958778994, 4.67933803133, 9535.28066667, 35.5558087653, -101.350002411, 958170958.706
75617.4573955, 75617.5509166, 0.0935210850002, 1.57580381184, 8168.905, 35.5670160537, -101.394755355, 164835254.888
75617.6744314, 75617.741186, 0.066754643005, 0.317715487153, 7368.41666667, 35.55463475, -101.36736974, 118602801.316
75621.4495173, 75621.6127785, 0.163261221998, 0.788699100888, 13321.3183333, 35.54143626, -101.445659617, 189123491.15
75622.2805236, 75622.4284035, 0.147879874989, 41.3300316668, 8649.56036364, 35.6285892604, -101.364904742, 11076526072.5
75627.7775184, 75627.8353384, 0.0578200320015, 17.0975897535, 8496.02190476, 35.5763799171, -101.431875986, 3548792035.54
75627.9511301, 75627.9572905, 0.00616038999578, 0.0736271754079, 11017.3333333, 35.5913988367, -101.456277773, 16152578.8926
75631.4808886, 75631.6234698, 0.142581136999, 1.77576719473, 9271.645, 35.5620712867, -101.376971204, 254580054.017
75632.3902101, 75632.5912881, 0.201077983002, 1.31702105058, 9468.803, 35.560289882, -101.392233421, 468580775.761
75638.6024959, 75638.7495988, 0.147102932999, 2.95729631607, 10358.646875, 35.5812664219, -101.462718051, 1011654165.48
75641.2726159, 75641.4990374, 0.226421497995, 15.453860346, 9371.018, 35.573041382, -101.36829746, 6365563362.23
75641.2852892, 75641.5233309, 0.238041714008, 8.61586359198, 8758.73740741, 35.6080665989, -101.422165344, 1779943552.62
75643.9460546, 75644.1020674, 0.156012777006, 6.81159476457, 7837.68666667, 35.5695662725, -101.409480872, 1461237307.69
75645.2317211, 75645.2919439, 0.0602228060015, 0.100768583446, 12080.5925, 35.5892166675, -101.463158345, 51623386.0683
75645.3529878, 75645.4487829, 0.0957951400051, 0.724042796001, 8936.24333333, 35.5902994933, -101.449129927, 149327287.552
75648.7526974, 75648.8562277, 0.103530324006, 7.50835045216, 7899.665, 35.542432704, -101.364587166, 1381821463.36
75651.3795487, 75651.45267, 0.0731213039981, 2.09611169751, 6780.755, 35.68593071, -101.329839075, 987153596.987
75651.4738828, 75651.5080919, 0.0342090390041, 6.18614790912, 10271.9572727, 35.6479147945, -101.345226406, 1308914057.37
75654.2659994, 75654.4677971, 0.201797764996, 1.09508952152, 9712.355, 35.5687644883, -101.369358333, 192893300.81
75655.4378437, 75655.6287919, 0.190948217001, 13.8858338569, 9050.90222222, 35.813943245, -101.245282829, 3782493092.61
75658.1529861, 75658.1966558, 0.0436697450059, 0.78754778933, 11445.7985714, 35.6180417114, -101.443378226, 187129989.742
75659.1847843, 75659.2626584, 0.0778741049871, 0.362817238278, 12714.8666667, 35.54860683, -101.41080442, 118226610.259
75659.1877671, 75659.5299178, 0.342150668002, 29.1864613485, 9198.97222222, 35.5710032678, -101.389737935, 4822154050.7
75661.608756, 75661.7260839, 0.117327935994, 5.67628105966, 10321.8914286, 35.5833771286, -101.43344726, 2486805636.74
75663.1119708, 75663.2759363, 0.163965468993, 3.23306714197, 9374.20363636, 35.5103807227, -101.378331097, 378665343.915
75668.6953293, 75668.7679979, 0.0726686049893, 2.54859762038, 10651.8658333, 35.5230198142, -101.363028451, 960682697.416
75669.7651689, 75669.8118043, 0.046635355, 0.192501584483, 10699.2033333, 35.5994105333, -101.43838191, 89341884.8877
75670.3412139, 75670.6399769, 0.298762955994, 15.0647175533, 10083.843913, 35.6277263217, -101.399379441, 3936152623.35
75673.4137662, 75673.5781847, 0.164418454005, 10.071219372, 6355.78888889, 35.5728171256, -101.414790866, 2453335265.39
75675.6700142, 75675.8700924, 0.200078174006, 12.5681478762, 9991.926, 35.570320514, -101.352472821, 3866270225.03
75681.701983, 75681.9226766, 0.220693623996, 2.0358540278, 6896.01, 35.5571041283, -101.379042465, 477514066.097
75684.154918, 75684.3115748, 0.156656895997, 5.74594144272, 9816.83294118, 35.5998655018, -101.46048493, 1860937904.42
75686.6460433, 75686.6634238, 0.017380559002, 0.257680099652, 10699.1, 35.572309325, -101.445173158, 93289170.8878
75686.713123, 75686.8785415, 0.165418513003, 5.88547876689, 9592.10071429, 35.5851312164, -101.361809674, 2044656220.82
75689.9103759, 75690.1092652, 0.198889241001, 7.13551147676, 7028.04111111, 35.5840934028, -101.383573877, 2938366102.98
75691.4687787, 75691.5745401, 0.105761338011, 16.6461633224, 9014.54228571, 35.6779593346, -101.33206376, 5333927229.57
75693.8401916, 75694.018948, 0.178756434994, 1.58411150265, 5300.1525, 35.5651430025, -101.42462745, 533623783.313
75696.3498366, 75696.409156, 0.0593193419918, 2.76450492878, 9846.975, 35.5280625483, -101.354256113, 1219804374.54
75698.4104249, 75698.6129542, 0.202529300994, 5.58536689455, 9395.15789474, 35.5715232884, -101.330428041, 1632044563.81
75699.1576019, 75699.3502177, 0.192615852007, 15.2096884933, 9061.21, 35.59024314, -101.42250039, 4390864620.8
75705.2524107, 75705.2832444, 0.0308336659946, 1.60647159929, 8430.09, 35.559010116, -101.39169399, 351367499.409
75707.5014912, 75707.6124279, 0.110936700003, 12.8652349732, 10099.8963636, 35.5735591859, -101.366218596, 3479293862.61
75709.5584652, 75709.5798481, 0.0213828790002, 1.24110326829, 10722.8, 35.530053506, -101.36236358, 333132333.107
75710.6774185, 75710.817434, 0.140015477999, 2.00966551246, 11230.1823077, 35.5952412815, -101.450405528, 880854822.079
75712.376312, 75712.5813524, 0.205040319997, 2.21138794002, 8547.27285714, 35.5906121321, -101.402155488, 612255787.023
75719.879238, 75720.0487292, 0.169491224995, 2.55782028788, 10648.75, 35.603405558, -101.420692621, 891066597.459
75720.6313763, 75720.6957993, 0.0644230180042, 0.749951632982, 11265.5875, 35.5724741175, -101.399075968, 214604795.445
75724.2976633, 75724.6363582, 0.338694842998, 19.3096135418, 8948.28531915, 35.6515468053, -101.390344019, 8460147261.33
75725.8246418, 75725.8739704, 0.0493285400007, 0.039784940609, 9715.2, 35.5888763833, -101.423874093, 21972420.3237
75726.9056387, 75727.114824, 0.209185272004, 14.5699550425, 9675.4915, 35.600337259, -101.345780563, 3971755482.79
75730.2605265, 75730.4679661, 0.207439592996, 9.80224462372, 10311.0331818, 35.623580555, -101.435454991, 2958932081.86
75731.210827, 75731.3490598, 0.13823278599, 11.3452584877, 9482.79258065, 35.6482804339, -101.342737717, 2076263682.19
75731.261993, 75731.4180187, 0.156025734992, 5.11314429642, 9487.86363636, 35.5414110218, -101.356307065, 1030506828.2
75734.7489998, 75734.7815411, 0.0325413000101, 2.05179317071, 10667.82, 35.5989385713, -101.452002906, 497455879.33
75736.1868849, 75736.4201968, 0.233311838994, 2.69759899727, 8599.959, 35.572714347, -101.34281209, 1020396585.5
75736.3565095, 75736.4532497, 0.0967401389935, 1.68494476522, 8491.22, 35.5638774927, -101.324430853, 276367357.69
75741.3202082, 75741.4136399, 0.0934317499923, 6.01852057808, 7788.65, 35.5785718912, -101.432434126, 1070467030.67
75746.7461616, 75746.9046423, 0.158480705009, 9.11654711773, 9306.38583333, 35.5945083042, -101.369425486, 1686757801.55
75749.1509743, 75749.1582455, 0.00727116499911, 0.030987400659, 10741.5533333, 35.62366853, -101.452556487, 8327539.40426
75749.6744612, 75749.7344556, 0.0599944419955, 1.2700206782, 11110.9328571, 35.5527887657, -101.342581276, 291433996.174
75749.8008365, 75749.9078076, 0.106971107001, 2.88873631719, 11066.9457143, 35.5736173357, -101.381739813, 712518820.707
75750.7631584, 75750.8327554, 0.0695969969966, 2.16297678449, 9056.55923077, 35.6142899385, -101.431010392, 484253234.638
75755.9163556, 75756.2013027, 0.284947127002, 14.0817403675, 7135.83666667, 35.5805687706, -101.412181037, 2737996784.56
75758.3809578, 75758.5120216, 0.131063827008, 5.58072731992, 9991.1752, 35.6168223744, -101.456055621, 1314978094.3
75759.5446418, 75759.7417949, 0.19715311499, 4.95958711902, 8670.07818182, 35.5890636055, -101.327181285, 1599002632.75
75762.4835956, 75762.6219783, 0.138382762991, 1.11923228385, 7955.34125, 35.5965445437, -101.435306379, 296892275.414
75764.2897162, 75764.3944496, 0.104733357002, 11.3914901511, 9087.3315, 35.606508365, -101.373594914, 3217817435.3
75770.8202001, 75771.2079587, 0.387758586003, 2.62430602147, 9299.20647059, 35.5434746529, -101.395109099, 1294627774.17
75772.5846582, 75772.8128573, 0.228199076999, 4.82197610091, 10712.0677778, 35.5656480206, -101.325739629, 1142508477.09
75772.6548914, 75772.772481, 0.117589621994, 17.3779397244, 10642.026875, 35.6662535688, -101.35600785, 4238782101.07
75774.6298529, 75774.7902029, 0.160349960992, 5.55616022324, 9565.26681818, 35.6445352159, -101.42849443, 610239182.227
75774.7177569, 75774.7268533, 0.00909644899366, 0.15702855584, 9375.2375, 35.5920784425, -101.411029143, 48021527.6935
75774.7200355, 75774.8114963, 0.0914607929881, 3.73874090397, 9230.47833333, 35.5961893392, -101.368555177, 1030604659.58
75779.8412637, 75779.8967617, 0.0554980140005, 0.211232912861, 11002.0275, 35.5680571225, -101.352311757, 94548648.0304
75780.0485057, 75780.2137671, 0.165261457994, 11.9422028294, 10818.8621429, 35.592835985, -101.352383244, 2265733246.48
75781.5277202, 75781.5801067, 0.0523864989955, 0.244674382819, 11564.0885714, 35.60947613, -101.446303343, 85477883.3843
75785.8163612, 75785.9631512, 0.146789988998, 1.0906686874, 10333.9655556, 35.6056753689, -101.415099543, 348808349.938
75788.0209519, 75788.1356833, 0.114731348993, 0.605280219959, 11139.2057143, 35.5735849486, -101.424347259, 151097982.86
75790.6610756, 75790.8458418, 0.184766234001, 11.8177860295, 8329.09, 35.5832868181, -101.316961813, 4325041335.88
75791.6608648, 75791.82461, 0.163745258993, 5.37282679055, 10202.2525, 35.547980717, -101.330613363, 1055098986.98
75792.5302965, 75792.7290501, 0.19875363, 5.38299114402, 7328.43, 35.5849342343, -101.360717483, 1203436554.42
75792.7101595, 75792.7129513, 0.00279177899938, 0.0127705674213, 10240.65, 35.59434759, -101.386790813, 5431540.35789
75796.7838311, 75796.9909748, 0.20714372299, 2.47485638036, 10266.4326316, 35.6159358679, -101.432406412, 546489682.171
75799.7882083, 75799.8266736, 0.0384652760113, 1.57393514592, 7950.26428571, 35.6068449414, -101.397309377, 377631175.189
75799.8731553, 75800.00282, 0.129664720997, 1.2682333226, 7638.74666667, 35.6478037417, -101.38756757, 202021771.584
75801.3815982, 75801.4169226, 0.0353244129947, 0.00918995105932, 8300.15, 35.54230424, -101.39067741, 4100633.83579
75801.9590962, 75801.9677228, 0.00862655199307, 0.0105579376019, 6311.59333333, 35.5792827, -101.348629347, 3922919.31225
75804.2032411, 75804.4243506, 0.221109510996, 15.6716546519, 8327.928125, 35.6020725131, -101.371325914, 2578304315.26
75805.4718562, 75805.605871, 0.134014830997, 6.57556105248, 8045.612, 35.689660294, -101.324745774, 2103685644.39
75807.0564464, 75807.2797869, 0.223340508994, 1.74064596687, 11465.4663636, 35.5846141845, -101.418365684, 345896435.474
75809.3543257, 75809.5373516, 0.183025912003, 5.21178961196, 9961.0105, 35.5766344775, -101.31449132, 1185438961.95
75811.0826951, 75811.1085167, 0.0258216760121, 0.00808749112035, 9032.52, 35.5804924233, -101.377764117, 3940456.26062
75818.3901047, 75818.667339, 0.277234278008, 7.70741054611, 9268.1516, 35.6086394004, -101.368643473, 2756932055.11
75820.1438092, 75820.244346, 0.100536771002, 4.09823869565, 11569.0846154, 35.5730766654, -101.323539709, 1488162014.37
75821.0981087, 75821.1173005, 0.0191917379998, 0.533832370942, 9177.93, 35.5540327325, -101.38143043, 102880961.022
75821.8655593, 75821.8746087, 0.00904935400467, 0.0887247599461, 11193.6766667, 35.619256385, -101.440912252, 36524038.4468
75823.6015377, 75823.8499638, 0.248426160004, 10.4662200671, 9520.9190625, 35.6134334369, -101.319603577, 4207324375.08
75825.3922224, 75825.4962343, 0.104011903008, 0.979247015205, 9957.39727273, 35.6103169145, -101.408980877, 312064264.22
75827.0270282, 75827.1581819, 0.131153694005, 2.57525728892, 9792.502, 35.604068952, -101.391059784, 766627752.057
75834.2569015, 75834.4769015, 0.220000008005, 16.4949140019, 8524.19785714, 35.6376986443, -101.391633648, 4842121182.87
75834.9616587, 75835.0305837, 0.068924976993, 2.11487248654, 11961.8716667, 35.5724671083, -101.321778948, 345744323.137
75837.114759, 75837.2446337, 0.129874705992, 6.2128048307, 9110.97857143, 35.6014935429, -101.351131159, 719094765.558
75839.0275796, 75839.1838337, 0.156254018002, 4.05987035127, 9900.29533333, 35.6003137827, -101.390106449, 589496837.565
75839.4264625, 75839.5035355, 0.0770729630021, 0.0523785263453, 10631.7966667, 35.6098848667, -101.436058077, 24397482.9396
75839.5889419, 75839.838009, 0.249067120996, 4.78274628737, 8245.83833333, 35.5504759283, -101.382093938, 931894341.791
75842.3146513, 75842.4538557, 0.139204373991, 5.02581123763, 10930.6111765, 35.5959315235, -101.306344325, 1432794588.39
75844.9346294, 75845.2107119, 0.276082561002, 1.92847839714, 10099.7585714, 35.5888361943, -101.382975349, 578084949.249
75848.4357289, 75848.5059286, 0.0701996449934, 0.431814067666, 11014.766, 35.595297458, -101.420616896, 123921622.762
75849.5371329, 75849.6266055, 0.0894726120023, 0.695382049527, 8161.77666667, 35.5679902333, -101.378016967, 294300872.815
75853.9871765, 75854.2000062, 0.212829765005, 4.18573107568, 9875.51777778, 35.6182452611, -101.426530023, 634145006.728
75856.5618197, 75856.8422927, 0.280473028994, 7.28048339283, 10078.7977778, 35.6136812061, -101.379064744, 2989740034.04
75858.9791155, 75859.1541791, 0.175063610004, 7.10862061233, 9378.38894737, 35.5812359895, -101.300713148, 1765198833.79
75859.8052431, 75859.9795516, 0.174308508998, 7.0525022783, 8213.43333333, 35.6470391322, -101.323939456, 2619725504.86
75863.316313, 75863.3281281, 0.0118150389899, 0.00623539459612, 10108.1, 35.63077473, -101.438551587, 3694419.93189
75863.9458189, 75864.1416249, 0.195806001997, 2.85244797704, 8993.98125, 35.6085466813, -101.352826151, 691721542.44
75866.6348736, 75866.6858194, 0.0509458390006, 3.13697190929, 6422.22, 35.585447598, -101.369062654, 1147886225.09
75866.8361323, 75867.0854045, 0.249272221001, 30.3143806446, 7944.66956522, 35.649068073, -101.382432991, 4486797452.97
75867.0444537, 75867.1565362, 0.112082520995, 4.61663610843, 7267.39454545, 35.6137269973, -101.283126745, 1090285592.68
75867.6354153, 75867.6466214, 0.0112060219981, 0.0617195881901, 7786.43333333, 35.5137824733, -101.368873853, 17353072.068
75869.6569587, 75869.7230084, 0.0660496219934, 0.104868153428, 9868.04666667, 35.7337709933, -101.238747807, 41005453.0893
75870.3208325, 75870.3799, 0.0590674470004, 0.419568634813, 7819.42666667, 35.54312231, -101.36031225, 80342966.0368
75872.7977641, 75872.8646312, 0.0668671059975, 0.585114712942, 7192.1075, 35.6040390075, -101.384496475, 151261574.771
75880.3465849, 75880.4183987, 0.0718137220101, 0.177100858544, 8621.185, 35.5760657075, -101.411424405, 49081331.2373
75880.7958642, 75880.9659972, 0.17013302799, 6.15420955826, 9361.84333333, 35.627061678, -101.318914277, 3124634839.76
75880.9432126, 75880.9519391, 0.0087265149923, 0.0159171973083, 10269.4333333, 35.52117789, -101.363156017, 4191340.52466
75882.7947019, 75882.9341784, 0.139476529002, 8.67642430135, 10240.6586667, 35.642671768, -101.392345017, 1166504840.59
75884.7241128, 75884.8625718, 0.138458957997, 0.9698533438, 10232.79, 35.5428345267, -101.359292483, 180255136.665
75886.4657224, 75886.7075659, 0.241843488999, 19.0986743466, 9304.72333333, 35.616701101, -101.357554163, 5793680910.57
75887.1236972, 75887.2873981, 0.163700869001, 0.165536389501, 11010.206, 35.558797384, -101.353374172, 58848678.2639
75888.1378486, 75888.3420234, 0.204174779996, 6.37312869918, 10515.2854545, 35.598998095, -101.29107609, 1375756628.67
75891.9855521, 75892.0955033, 0.109951214996, 0.204729961363, 7166.62, 35.63183314, -101.41547504, 66069350.6668
75893.1291372, 75893.1693484, 0.0402111790027, 3.6087230974, 9677.16692308, 35.6338259769, -101.285026631, 1309824826.49
75894.722092, 75894.8769476, 0.154855586006, 1.23678901444, 11292.1371429, 35.54504751, -101.372380259, 370658464.493
75894.8884303, 75894.8892919, 0.000861570995767, 0.734629291798, 6418.89, 35.5704125367, -101.372513547, 243913134.536
75899.1996811, 75899.2152952, 0.0156141210027, 0.302261986186, 12238.4533333, 35.6391813767, -101.431676023, 78417973.9095
75899.7399703, 75899.824891, 0.084920719004, 0.242155622376, 10854.425, 35.52113406, -101.366667895, 88225390.5752
75902.4079661, 75902.5682043, 0.160238197001, 2.92928324145, 8748.41555556, 35.6010336567, -101.31490357, 511198405.811
75902.5991781, 75902.6193235, 0.0201454099879, 1.36094457278, 9750.84, 35.629306112, -101.354262704, 376939293.724
75902.7394071, 75902.7403246, 0.000917458994081, 2.10417824206, 9842.488, 35.587584566, -101.320055464, 413880279.437
75905.3521037, 75905.4043531, 0.0522493409953, 4.83618184963, 9119.83166667, 35.6014477783, -101.367270908, 1099650627.51
75905.5283436, 75905.6295223, 0.101178658995, 2.03542387049, 8404.85, 35.62506348, -101.378224704, 566602953.969
75907.431582, 75907.7124331, 0.280851121002, 57.3806219619, 8758.46195122, 35.658389681, -101.340754952, 12518820120.0
75908.254295, 75908.2895508, 0.0352558269951, 0.202705641986, 8297.692, 35.545706506, -101.353485048, 76621176.6473
75909.7292221, 75909.9219026, 0.192680492997, 0.455365956756, 10045.9725, 35.5374716763, -101.401651614, 291878890.682
75909.7877395, 75909.8354107, 0.0476712079981, 2.86963303104, 9493.06272727, 35.5896779945, -101.292373542, 463428748.011
75914.1644154, 75914.2619971, 0.0975817290018, 0.930201411597, 5646.61333333, 35.61146016, -101.297216127, 292794621.171
75914.4397297, 75914.4649771, 0.0252473720029, 0.228531338667, 8750.12666667, 35.56051429, -101.347834603, 60258612.3661
75917.8389653, 75917.970952, 0.131986786, 6.28191909691, 8836.665, 35.6190822694, -101.329903727, 2735047238.31
75918.2166366, 75918.2730017, 0.0563650190015, 0.0922755671696, 11512.0075, 35.537792825, -101.35099161, 44375364.9256
75920.8422825, 75920.8704028, 0.0281203350023, 1.05537999438, 10163.535, 35.6210103687, -101.280241579, 299472625.053
75922.7036174, 75922.9232335, 0.219616096001, 5.48785923334, 11204.7753846, 35.5958582292, -101.282360306, 864604244.285
75924.2599505, 75924.3284691, 0.0685185410111, 0.803952548818, 9414.14, 35.5494251044, -101.378860162, 404367570.656
75927.4445147, 75927.5408746, 0.0963598700037, 40.3756391119, 9323.06166667, 35.6973243938, -101.32276711, 12498830567.0
75929.5562699, 75929.7147303, 0.158460416991, 1.03011723416, 11550.3114286, 35.5449005043, -101.343759676, 241096471.709
75931.8980255, 75931.9153188, 0.0172932970017, 0.731107991913, 8083.92428571, 35.6522133514, -101.388415787, 134825714.159
75932.2916571, 75932.2999414, 0.008284267009, 0.315536789923, 10994.3966667, 35.54464145, -101.386032607, 121699338.044
75933.159699, 75933.2327309, 0.0730319099966, 0.3120783205, 13732.3725, 35.5430285175, -101.3865866, 81719059.5813
75933.5210934, 75933.6139535, 0.0928600709885, 0.0893797670501, 10406.2, 35.6230448525, -101.370413555, 34312559.52
75934.4183663, 75934.5732472, 0.154880923001, 2.22390532556, 10665.023, 35.590179199, -101.278166246, 496553522.247
75936.7702053, 75936.8423679, 0.0721626449958, 2.51467164479, 8325.42571429, 35.61113734, -101.319892606, 918525581.479
75939.9461996, 75940.0164255, 0.0702259460086, 2.84035091425, 7984.5375, 35.61123098, -101.268791095, 994395969.114
75942.1865303, 75942.2375462, 0.0510159180121, 0.179701242122, 11617.518, 35.545865062, -101.38167529, 61726235.3895
75943.3829469, 75943.493624, 0.110677122997, 5.25730599659, 9309.72642857, 35.6392829007, -101.309498136, 1246592003.07
75943.5816482, 75943.5936896, 0.0120413749974, 0.274493497316, 7847.9575, 35.6300411275, -101.33242354, 87571860.2297
75946.5533757, 75946.6264003, 0.0730246010062, 5.07069078716, 9635.6575, 35.6716341488, -101.388814581, 1397853581.45
75948.2555859, 75948.3726123, 0.117026418011, 2.8613391029, 9447.05, 35.5647191056, -101.359196668, 1132963540.16
75949.3772086, 75949.5336218, 0.156413174002, 0.408300857501, 11227.4866667, 35.5790532667, -101.280152653, 83028829.6845
75950.2903506, 75950.5047742, 0.214423598998, 4.56157823498, 9862.81105263, 35.6344481921, -101.258330554, 1660736574.06
75950.8768525, 75950.9997785, 0.122925962001, 2.84723992759, 9023.83285714, 35.5380504757, -101.3552083, 713203130.606
75951.0407351, 75951.1135243, 0.0727891960123, 2.37177821917, 12673.6433333, 35.5442062033, -101.387072107, 520632056.461
75951.1934028, 75951.4746839, 0.281281185002, 5.89846567802, 8140.997, 35.634869743, -101.396846968, 1498422743.72
75951.4960888, 75951.5218767, 0.0257878369885, 0.79604389915, 11066.37, 35.59075319, -101.403788273, 297948685.138
75951.8833369, 75952.0145912, 0.131254241001, 0.183585854263, 13135.6466667, 35.52748807, -101.397465723, 54989450.1682
75952.9320396, 75952.9431772, 0.0111375370034, 0.123037399179, 13115.5833333, 35.64241058, -101.28546531, 67044588.2896
75953.7844989, 75953.8380836, 0.0535847099964, 0.0343902466361, 8460.31, 35.5560249033, -101.37906348, 12443523.3925
75954.2928176, 75954.5118457, 0.219028083011, 2.87508950874, 9426.73333333, 35.6086467789, -101.316800171, 924152558.41
75956.4191087, 75956.4701404, 0.0510317839944, 0.447709326268, 9065.96625, 35.5692937637, -101.332825504, 250700374.705
75956.5648463, 75956.7941931, 0.229346778011, 9.96021432064, 9364.72642857, 35.651145245, -101.353868732, 2792950633.05
75956.7954175, 75956.8961219, 0.100704351993, 0.373192868987, 13436.835, 35.5457161725, -101.382440178, 55661828.2228
75960.9717593, 75961.166899, 0.195139718999, 2.54421550231, 10706.1885714, 35.5982467857, -101.287713271, 542506042.475
75961.7881198, 75961.925253, 0.137133235999, 2.22494914295, 10706.9366667, 35.5327262433, -101.358223187, 489848997.387
75962.0611676, 75962.1685968, 0.107429198993, 1.59470594618, 10485.2757143, 35.5564888729, -101.341007666, 490896979.275
75964.9222841, 75964.9608938, 0.0386097169976, 3.77065864325, 8643.735, 35.59511482, -101.345946131, 835503265.711
75967.8670777, 75967.9538145, 0.0867367939936, 3.27667809486, 9010.302, 35.548290896, -101.34963072, 1161011961.1
75968.8670952, 75968.8891685, 0.0220732669986, 0.129229065788, 11428.2333333, 35.5509602067, -101.334729053, 53595251.8376
75969.2590878, 75969.4421943, 0.183106529992, 0.973352879204, 11219.8314286, 35.6276064186, -101.432758591, 490114830.909
75969.4119128, 75969.6967057, 0.284792816004, 38.0456666121, 9378.24893617, 35.6819643464, -101.356829392, 6074073663.94
75969.7155399, 75969.7819541, 0.0664141750021, 6.55213327579, 7879.855, 35.6370725592, -101.335957094, 926114907.186
75970.6113666, 75970.7395608, 0.128194260004, 1.77710986543, 11216.0314286, 35.61011055, -101.255965901, 358269804.08
75972.17837, 75972.4731515, 0.294781503006, 4.36524846667, 8147.29363636, 35.62336706, -101.37000855, 749560918.706
75972.5779113, 75972.6250002, 0.0470888479904, 1.55623308425, 9547.596, 35.630079274, -101.282950864, 382363451.297
75974.0862549, 75974.1060546, 0.0197996259958, 0.11228905079, 10789.55, 35.58546552, -101.319681227, 68719430.1023
75976.1014962, 75976.1789411, 0.0774449169985, 0.0823996261483, 8202.25, 35.6458977175, -101.39780315, 40977567.8365
75976.7550815, 75976.79938, 0.0442985400005, 1.65646972059, 6183.972, 35.625293946, -101.320120698, 525500558.643
75976.9486129, 75976.9924587, 0.0438457879936, 2.0421822009, 7030.03875, 35.6208217875, -101.338134444, 569512521.429
75978.2655573, 75978.3298232, 0.0642659579898, 0.595672888798, 14443.858, 35.546402396, -101.38452297, 103587200.343
75978.8857961, 75978.9278148, 0.0420186539995, 1.8371836976, 10221.2411111, 35.5608198056, -101.328997409, 669465078.79
75981.273365, 75981.3429828, 0.0696177779901, 0.0659641933745, 10224.04, 35.56304664, -101.359560363, 44397050.1595
75982.9643019, 75983.1648151, 0.200513233998, 3.13076913837, 8608.94818182, 35.6112530055, -101.292688938, 614454476.001
75983.3865412, 75983.4865734, 0.100032233997, 0.183016140896, 12523.2166667, 35.5615999333, -101.367782817, 94330298.1952
75985.7522359, 75985.8978474, 0.145611478001, 2.90024414243, 8770.244, 35.565901194, -101.350234496, 504663958.525
75986.96877, 75987.0533675, 0.0845974709955, 2.63273971706, 8720.05, 35.8101854, -101.239073438, 509209754.085
75987.2630596, 75987.309433, 0.0463734029909, 0.364242137228, 8376.84, 35.67922745, -101.3953274, 127882256.137
75990.1905508, 75990.2223706, 0.0318198150053, 0.499039014592, 9336.06, 35.553793995, -101.38075558, 161531855.97
75991.8934758, 75992.0672442, 0.173768346009, 7.38340209906, 11221.9866667, 35.6468240327, -101.275732795, 2741675953.18
75992.8586898, 75992.9971369, 0.138447093006, 1.4208532938, 9976.87428571, 35.6104313114, -101.266115576, 399712631.456
75994.4338652, 75994.5647395, 0.130874285998, 2.35199185803, 11550.69, 35.5483465538, -101.327662926, 987478100.476
75995.7183204, 75996.0080043, 0.289683907002, 10.7955003408, 9215.93428571, 35.6095419336, -101.333920729, 1342989881.01
75998.1951211, 75998.2948104, 0.0996892660041, 4.80438434311, 9410.3975, 35.65969522, -101.404759914, 2705506664.02
75998.4467468, 75998.5483666, 0.101619783993, 1.0442204316, 9404.0175, 35.6689843375, -101.38798529, 381094283.141
75999.1537262, 75999.3410617, 0.187335524999, 9.81891759526, 8870.27857143, 35.6597681086, -101.310592288, 3323857536.91
75999.6443478, 75999.7264581, 0.0821103299968, 2.01665281739, 13123.855, 35.54513532, -101.37308676, 657136349.4
76000.4275453, 76000.4289257, 0.00138030599919, 0.0154501863387, 10270.7833333, 35.5675554833, -101.32113541, 7443378.49269
76001.0437504, 76001.2088561, 0.165105619002, 0.377833829178, 11264.2583333, 35.5798283683, -101.264195335, 84894644.2416
76005.2634839, 76005.3165544, 0.0530705559941, 4.98466511557, 10615.58, 35.620990112, -101.27928133, 1648565569.71
76005.4094628, 76005.4947232, 0.0852604480024, 0.0611185302763, 11176.43, 35.6382075967, -101.24927425, 23290827.0553
76006.7126429, 76006.7853249, 0.0726819870033, 4.40072097882, 8162.102, 35.59508234, -101.329976944, 815849578.369
76009.2783237, 76009.3391552, 0.0608315160061, 0.845427393861, 7940.52, 35.5769171025, -101.34634469, 434085202.389
76011.75947, 76011.8815099, 0.122039917012, 8.23282254868, 9953.06230769, 35.6595779985, -101.262567998, 1345819335.73
76012.2545395, 76012.3694497, 0.114910186006, 6.02602119716, 8487.76363636, 35.6761004027, -101.354570964, 774515146.473
76012.7390277, 76012.7980004, 0.0589727420011, 0.208778901768, 10895.9328571, 35.5423868086, -101.328584119, 59747678.9409
76012.828584, 76012.9240064, 0.0954224080051, 0.171532021575, 15451.0766667, 35.5519279367, -101.361712743, 35467726.8447
76015.0697406, 76015.1860817, 0.116341081011, 1.96743550093, 10896.93875, 35.5939860337, -101.32458732, 991633465.91
76017.2352097, 76017.2955739, 0.0603642659989, 0.365816369407, 10267.7966667, 35.56208584, -101.326485397, 69641917.2642
76017.2818796, 76017.5385848, 0.256705199005, 4.75521753435, 11170.538, 35.680196043, -101.397822608, 1347913191.25
76019.0597177, 76019.2022387, 0.142520943002, 0.36918771597, 10187.76, 35.57029828, -101.371781123, 87496076.0084
76019.8416429, 76019.8997423, 0.0580994009943, 2.96646266367, 9043.32714286, 35.6377892686, -101.276912706, 795822595.968
76020.6125701, 76020.7078211, 0.0952510520001, 29.6584312795, 8860.99416667, 35.8565592392, -101.225462121, 7828000937.11
76023.8777377, 76024.0201986, 0.142460937001, 0.485572420736, 11531.5616667, 35.6169375033, -101.257634758, 108273128.417
76024.4962286, 76024.5375846, 0.0413559650042, 5.73178274752, 9943.30875, 35.6498127087, -101.359488161, 1300459268.46
76024.7579431, 76024.7583264, 0.000383335995139, 0.546368968049, 9181.79, 35.6620971533, -101.364532217, 186540259.197
76026.4796974, 76026.5123991, 0.0327017160016, 1.15435156506, 14857.03, 35.5586596067, -101.34616322, 357566652.325
76027.2484188, 76027.2634339, 0.0150151010021, 0.721090381618, 7417.5375, 35.5785138025, -101.34305755, 458064579.096
76031.4114654, 76031.4822483, 0.0707828919985, 2.39125101068, 11454.153, 35.634007043, -101.233165907, 711207799.395
76032.0334083, 76032.0759372, 0.0425289069972, 0.853172057399, 9999.28, 35.5624451867, -101.31179019, 223816948.53
76032.4112516, 76032.4714895, 0.0602379920019, 0.476473126831, 11649.145, 35.6225003575, -101.25185106, 153820875.6
76033.2411476, 76033.3810397, 0.139892110004, 0.593976865605, 10716.228, 35.575097714, -101.324515688, 181219668.955
76033.9551401, 76033.9591897, 0.00404966699716, 0.0261043827234, 11773.47, 35.7558919267, -101.24409784, 9828674.08214
76034.9527027, 76035.204617, 0.251914349006, 11.3324926735, 9037.90230769, 35.66401112, -101.379183302, 2095391268.51
76036.3563938, 76036.4096686, 0.0532748080004, 0.3914761714, 10811.4833333, 35.6142687967, -101.299147597, 150885691.367
76036.3947558, 76036.4680888, 0.0733330359944, 8.7210195298, 6812.53571429, 35.6357953386, -101.307904996, 1819677653.56
76037.2754869, 76037.4138627, 0.138375761991, 2.56779977487, 10239.615, 35.5950206925, -101.32971583, 826031381.78
76042.960119, 76043.1465364, 0.186417398989, 13.811637627, 8246.45266667, 35.650186114, -101.249087155, 3748524730.58
76043.8651234, 76043.8721514, 0.00702800400904, 0.0385879686927, 11847.8166667, 35.65442494, -101.425272153, 17382873.0228
76045.2401615, 76045.3178228, 0.0776612850023, 0.496982562332, 11119.82, 35.5766897317, -101.30300545, 241587320.637
76046.7314608, 76047.0717439, 0.340283051002, 7.10532722031, 9033.05692308, 35.5864186923, -101.357985661, 2129989474.61
76048.4688185, 76048.5372458, 0.0684272479994, 2.51285927026, 11260.631, 35.567243433, -101.325498352, 525896990.884
76048.6291196, 76048.7976293, 0.168509626004, 5.47170697956, 11140.3611111, 35.6555501461, -101.290726709, 1186971358.72
76048.8707332, 76048.8854268, 0.0146935399971, 0.154199833516, 6961.95333333, 35.6794518033, -101.301779803, 70263821.8056
76050.487996, 76050.6765601, 0.188564046999, 16.3893056482, 7399.69375, 35.6629099031, -101.358277233, 4134408636.59
76050.7214316, 76050.7429092, 0.0214776570065, 0.228909456795, 8640.955, 35.6965220925, -101.378034775, 111796468.943
76051.1973942, 76051.2567457, 0.059351525997, 2.27698095045, 11212.8666667, 35.6379396133, -101.414942803, 490355747.839
76052.1264648, 76052.1660196, 0.0395548210072, 0.235142377817, 7522.0, 35.6048184233, -101.323208643, 68500128.285
76052.3400144, 76052.4988932, 0.158878798989, 1.40569827489, 6991.22333333, 35.8029802383, -101.228226452, 540544928.768
76052.3687184, 76052.5253287, 0.156610264006, 2.91734636635, 11120.35, 35.824529844, -101.234020638, 821895085.719
76053.8357498, 76053.9231644, 0.0874146309943, 1.0369895367, 10982.555, 35.58227215, -101.313388485, 274463792.25
76055.5998073, 76055.648048, 0.0482406520023, 2.27677793267, 12342.1777778, 35.6114211611, -101.245799287, 612524707.512
76058.3112376, 76058.3984587, 0.0872210700036, 0.0456107196506, 12651.55, 35.6028441667, -101.424354937, 8233157.5244
76058.7340988, 76058.7929802, 0.0588813600043, 0.368520340988, 12240.70875, 35.5734024425, -101.362996395, 75045528.7628
76059.7124075, 76059.7586344, 0.0462268940028, 0.10275763274, 9026.6875, 35.692188625, -101.3800793, 27316833.8765
76061.1899073, 76061.3501716, 0.160264280988, 8.21020592913, 10243.0983333, 35.6100055283, -101.329422745, 1647026700.17
76062.5206742, 76062.7636955, 0.243021331, 7.63572694132, 9979.51727273, 35.64819594, -101.257007618, 2457645603.1
76063.6403375, 76063.7566393, 0.116301804999, 1.4202862741, 10844.17875, 35.56840868, -101.308522061, 507474623.555
76064.5382546, 76064.5832217, 0.0449670329981, 5.91724441986, 10668.056, 35.673878275, -101.323831094, 1863174760.68
76066.275019, 76066.3050839, 0.0300648199918, 2.14617877071, 11687.1755556, 35.5644861856, -101.334819811, 488397861.483
76069.1178723, 76069.1602632, 0.0423909200035, 0.0550701649772, 11365.1, 35.6358241367, -101.229156333, 10950800.1394
76069.1639309, 76069.1703979, 0.00646694599709, 0.291813123172, 7739.42333333, 35.6217744, -101.230688547, 52553218.515
76069.4237376, 76069.4979883, 0.074250745005, 0.0411004577266, 10295.3333333, 35.5824238367, -101.31274044, 11283880.5459
76069.6060772, 76069.6192296, 0.013152340005, 0.654217893546, 6659.3225, 35.603800355, -101.3236265, 192876851.749
76074.4658859, 76074.5019815, 0.0360956390068, 0.226654024829, 7463.88666667, 35.83391323, -101.222548817, 47383960.8412
76074.4869024, 76074.5307374, 0.043834985001, 1.72213010772, 12114.68, 35.844113105, -101.234774785, 724736777.293
76074.498153, 76074.5252319, 0.0270788689959, 0.307042871051, 8347.41, 35.8775115875, -101.219035507, 110504941.591
76074.9607308, 76075.0375849, 0.0768541139987, 1.35423571824, 9738.43333333, 35.6329523567, -101.25741795, 627568076.397
76075.0150734, 76075.0195702, 0.00449678499717, 0.00026655835928, 11133.1533333, 35.6451821933, -101.394238603, 135566.367591
76079.5855924, 76079.6815106, 0.0959182509978, 1.36254554156, 11530.66, 35.5718131417, -101.311403885, 520623354.429
76080.7504841, 76080.782394, 0.0319099650078, 1.69650198978, 9164.702, 35.65562926, -101.306117442, 495623947.53
76081.4632983, 76081.4867969, 0.0234986779978, 0.206676048471, 7247.42333333, 35.6919505667, -101.375320713, 68915194.9426
76081.4731573, 76081.5571002, 0.0839428990002, 0.715002918873, 12127.8833333, 35.68138082, -101.386225707, 217915031.088
76081.5527224, 76081.5595252, 0.00680276000639, 0.146387443899, 10319.2133333, 35.7009607467, -101.35032572, 75663251.3753
76084.6735875, 76084.8098101, 0.136222607995, 4.49780506388, 9902.848, 35.65760084, -101.216243682, 650530679.222
76086.6223716, 76086.8123008, 0.189929152999, 1.0004069805, 10285.15, 35.8165542883, -101.208124782, 297294214.954
76087.1249868, 76087.3467329, 0.221746183001, 5.19647042572, 8890.57888889, 35.6486927033, -101.267431469, 985674193.541
76087.6726879, 76087.7746377, 0.101949767995, 3.09049724866, 9199.26285714, 35.61076916, -101.257298271, 819533240.617
76087.8191354, 76087.9091293, 0.0899939399969, 2.29004941103, 11624.4328571, 35.5899496829, -101.26409706, 414227627.831
76090.4806653, 76090.6242291, 0.143563829013, 0.989716136893, 11936.865, 35.6221189725, -101.31849731, 208765172.077
76091.6475376, 76091.7157804, 0.0682427879947, 1.91269004016, 11289.28, 35.6408530456, -101.230193248, 478972669.657
76097.7895472, 76097.8289645, 0.0394172410015, 0.362059158703, 10688.3625, 35.614207055, -101.2286814, 125075906.067
76098.7148418, 76098.8946961, 0.179854379996, 0.633106447205, 9150.3325, 35.6719818575, -101.328731722, 338379735.684
76105.0059447, 76105.1998297, 0.193885043002, 7.72219620809, 8909.80789474, 35.6509393874, -101.236735095, 3015766889.91
76107.7100102, 76107.8962662, 0.186256003013, 10.1745006203, 8232.3615, 35.667934655, -101.286307729, 2991207771.35
76107.9920814, 76108.003515, 0.0114336710103, 0.428893236732, 8592.35, 35.6120957933, -101.28432625, 151163189.847
76110.4183092, 76110.5537014, 0.135392230004, 4.81659999117, 10542.3342857, 35.5932126957, -101.29924933, 1026806132.42
76112.1188071, 76112.1273022, 0.00849507299426, 0.094992028882, 10095.0733333, 35.6550548767, -101.3510759, 21445354.9361
76112.2754403, 76112.4010144, 0.125574095, 0.519345755526, 10645.6525, 35.6361458, -101.252570088, 167311062.72
76112.3186149, 76112.41162, 0.0930050790048, 14.2282107573, 8849.55461538, 35.66387074, -101.346113848, 2753569956.95
76113.2382245, 76113.324752, 0.0865275380056, 4.72244642555, 11091.8728571, 35.8391380914, -101.243481467, 1281076080.68
76115.5778971, 76115.6151274, 0.0372303199983, 0.0904518514181, 11027.3533333, 35.6648496, -101.427874563, 15606643.5916
76115.6297594, 76115.7683591, 0.138599630009, 0.647670492924, 10291.03625, 35.6405096213, -101.21473774, 267437377.085
76119.4643949, 76119.7409331, 0.276538161997, 3.79432523369, 10145.1214286, 35.5834214193, -101.291872905, 1218615351.85
76121.6566215, 76121.7672123, 0.110590861994, 12.8911263941, 8817.41434783, 35.7165573526, -101.362969887, 3367185659.69
76121.7786606, 76121.8595873, 0.0809266849974, 0.358948874034, 10656.035, 35.5828961825, -101.311292363, 102542693.136
76124.6709414, 76124.6770458, 0.00610437899013, 0.240531761723, 8370.79666667, 35.81074245, -101.279997007, 69811086.8285
76125.3204431, 76125.4709377, 0.150494621004, 1.37196819598, 10729.0, 35.653251502, -101.277674406, 505800984.558
76127.7893849, 76127.9134732, 0.124088309007, 1.35090487558, 11385.0175, 35.63111825, -101.279416793, 270294902.977
76132.4841251, 76132.7364457, 0.252320647996, 5.66338385619, 9507.72727273, 35.6605121191, -101.382326574, 818421545.252
76134.4850213, 76134.562309, 0.0772877039999, 1.42111388954, 11657.0484615, 35.5949016985, -101.247233188, 579010258.687
76135.1718141, 76135.3200243, 0.148210166997, 4.70224759846, 9766.07318182, 35.6638936741, -101.227903668, 1084914525.81
76135.3360531, 76135.3715262, 0.0354731230036, 0.978702506535, 8318.26, 35.684639962, -101.26814926, 476295976.737
76137.2648757, 76137.2757558, 0.0108800809976, 0.645320663469, 9693.84, 35.6343490133, -101.320194, 184493561.07
76138.6962704, 76138.7331341, 0.0368637119973, 1.16676635907, 10596.5014286, 35.5853402614, -101.2868882, 492073020.716
76142.7716605, 76142.8385151, 0.0668546310044, 1.66079076783, 9941.538, 35.632409146, -101.234442792, 308936242.97
76145.1206214, 76145.2828253, 0.162203926011, 4.0216979748, 11263.5828571, 35.6040076486, -101.285538977, 944004403.343
76145.3637906, 76145.4093523, 0.0455617889966, 0.280325219394, 11118.9442857, 35.6031009914, -101.336338443, 83763395.9186
76145.7326454, 76145.9626415, 0.229996109003, 2.02509190625, 10987.7946154, 35.7021123069, -101.382718231, 708998093.611
76146.9624975, 76147.1355857, 0.173088198004, 2.33152970269, 10226.4, 35.6613335608, -101.203996403, 566420059.587
76150.4343753, 76150.5454794, 0.111104111988, 8.48639803536, 10923.8390909, 35.6281075736, -101.263582442, 1196169493.25
76150.5759746, 76150.6149342, 0.0389595550078, 8.17616770935, 7858.70444444, 35.6696599156, -101.335966847, 1245528236.71
76153.2091067, 76153.2672173, 0.0581106419995, 0.626602861152, 7240.8, 35.608325105, -101.323366638, 196639653.137
76155.1645026, 76155.3067423, 0.142239634995, 2.95099725076, 10348.8022222, 35.5880252744, -101.295355439, 777333893.249
76157.0409631, 76157.1227091, 0.0817459669925, 0.268735948189, 10279.79, 35.656486535, -101.249559305, 87670009.4363
76157.32812, 76157.5218411, 0.193721076997, 1.16040195785, 10528.898, 35.678629974, -101.356201676, 422106954.105
76160.3281192, 76160.4062727, 0.0781535369897, 0.0565615838304, 9470.72, 35.65648765, -101.294851793, 29325189.4552
76165.3032537, 76165.4048585, 0.101604744006, 0.266807118485, 7324.46, 35.8229207533, -101.216427193, 56083590.7618
76165.3305777, 76165.4735166, 0.142938926001, 5.76998319862, 9923.24571429, 35.6328705743, -101.233553671, 1632244068.34
76168.4288645, 76168.4678018, 0.0389373450016, 1.32437107066, 7236.07666667, 35.6623793867, -101.311746717, 295055514.182
76169.6949921, 76169.719244, 0.0242519079911, 1.34760581215, 9098.77166667, 35.6965316133, -101.371734603, 390999544.261
76170.9245866, 76171.0279016, 0.103314965003, 0.797232305097, 9748.48, 35.5974585525, -101.27966231, 158785289.473
76172.4907091, 76172.523321, 0.0326118349913, 2.37542471192, 11847.8266667, 35.6278559567, -101.222633397, 658956447.413
76177.0641756, 76177.0998099, 0.0356342630112, 0.173938916449, 8540.45333333, 35.81368107, -101.226253923, 78360840.4488
76177.1623073, 76177.2146724, 0.0523651020048, 1.75987256434, 11353.2266667, 35.8529553167, -101.209864677, 589012150.723
76177.4818542, 76177.6872296, 0.205375417994, 11.9127683065, 11154.5790909, 35.6731194073, -101.253519251, 3619680113.01
76177.5586849, 76177.5905393, 0.0318544109905, 0.758060377306, 7297.5, 35.6793764267, -101.259075627, 427740333.941
76177.906281, 76177.9435507, 0.0372696439881, 0.651061149093, 11765.3014286, 35.62208936, -101.231903486, 207890658.228
76177.9214229, 76177.9552728, 0.0338498939964, 0.199591575199, 6443.34333333, 35.6176402967, -101.23483842, 49459757.2537
76180.7012665, 76180.7198545, 0.0185879930068, 1.51986352419, 8305.47, 35.7181323325, -101.34366931, 500302955.157
76180.8440487, 76180.9129066, 0.0688578800036, 5.34196573848, 8630.574, 35.722867481, -101.316924263, 1455936661.96
76181.2807173, 76181.3401873, 0.0594700219954, 2.8180731752, 10653.1075, 35.817397235, -101.28037639, 602790722.424
76181.782408, 76181.8351892, 0.0527812390064, 0.00337196003636, 13847.9233333, 35.6559692867, -101.378065027, 1555807.18395
76184.8089121, 76184.8323478, 0.023435694995, 0.920227517172, 8644.324, 35.669842482, -101.330350534, 218403194.156
76186.2286736, 76186.3755595, 0.146885880997, 2.44741266243, 10781.3754545, 35.6620787027, -101.218457861, 709055980.459
76186.422645, 76186.6858008, 0.263155809007, 13.8709502826, 9691.64, 35.6365383092, -101.298571015, 4295018013.26
76187.5690378, 76187.5741661, 0.0051283770008, 0.141604137004, 10671.72, 35.7957117775, -101.205283248, 52276086.4714
76189.3420266, 76189.4650302, 0.123003543995, 2.71936809566, 10325.592, 35.589730476, -101.269458383, 1294265673.57
76189.4933345, 76189.5197179, 0.0263833950012, 0.124884821367, 11923.06, 35.63455694, -101.412457647, 43657923.5895
76193.8804727, 76194.0212641, 0.140791326005, 1.27645837155, 11081.1883333, 35.809963405, -101.265029432, 493819814.982
76194.0191927, 76194.0677838, 0.0485910860007, 2.23023057425, 9409.98, 35.6547625517, -101.26369009, 639324107.879
76194.2074174, 76194.2496506, 0.042233152999, 1.14620740761, 11547.072, 35.638748228, -101.2302749, 265177465.023
76194.29921, 76194.3072572, 0.00804718100699, 0.160764397009, 10752.6333333, 35.6612864533, -101.264677697, 50973351.9722
76194.761974, 76194.8385742, 0.0766001360025, 0.199549909176, 9370.61666667, 35.6199222, -101.302832083, 41117573.4797
76195.4440415, 76195.6237334, 0.179691960002, 0.054955280615, 11962.145, 35.572395465, -101.28738224, 16333220.1385
76197.8155514, 76197.8896886, 0.0741371760087, 1.16938244751, 10063.5183333, 35.670720125, -101.190022443, 322091783.665
76199.2126993, 76199.2870885, 0.0743892850005, 0.77672324118, 11276.4566667, 35.6119947833, -101.25206769, 252165368.095
