blue
179, 230, 255
102, 204, 255
26, 178, 255
0, 153, 230
0, 119, 179

#b3e6ff
#66ccff
#1ab2ff
#0099e6
#0077b3

green
194, 240, 194
152, 230, 152
111, 220, 111
50, 205, 50
45, 185, 45

#c2f0c2
#98e698
#6fdc6f
#32cd32
#2db92d

oragne
255, 214, 153
255, 194, 102
255, 173, 51
255, 153, 0
204, 122, 0

#ffd699
#ffc266
#ffad33
#ff9900
#cc7a00

red
255, 128, 128
255, 77, 77
255, 26, 26
230, 0, 0
179, 0, 0

#ff8080
#ff4d4d
#ff1a1a
#e60000
#b30000

pink
255, 179, 255
255, 128, 255
255, 77, 255
255, 0, 255
204, 0, 204

#ffb3ff
#ff80ff
#ff4dff
#ff00ff
#cc00cc
